2 numbers
27179
15020
13113
13113
18835
13113
20027
20980
10967
13113
10967
11920
10013

3 numbers
10013
9059
10013
14066
9775
15020
12874
9059
10013
12874
10013
8821
13113

4 numbers
49829
31948
32901
22888
43153
30994
40054
50067
45061
46968
46968
36954
44107

5 numbers
32186
40054
43869
31948
37908
30994
45061
49829
38862
41961
32901
44107
36001

6 numbers
35047
1170158
81062
43869
52928
37193
58889
36001
56028
34093
48160
33140
43153

7 numbers
61035
61988
56982
51021
66995
51021
56982
86069
50067
48875
50067
56982
54121

8 numbers
53882
72956
82015
78916
65088
66041
47206
76055
83923
74148
64849
63896
73909

9 numbers
110149
185966
113964
138998
139951
133991
111103
137090
190019
129222
198841
178098
118017

10 numbers
87976
89883
149965
602006
70810
151872
175952
110864
85115
123977
170946
114202
144958

11 numbers
140190
123977
77962
412940
178098
9289979
98943
133037
150918
191926
159025
88930
87976

12 numbers
98943
226020
1295804
348091
162124
136137
138998
188827
310897
96082
368118
95844
252962

13 numbers
1135110
133991
289201
213146
434875
86069
72956
617027
303983
229120
2692937
674009
200986

14 numbers
477790
170946
23417949
283956
289916
218868
310897
143051
446081
209093
768899
318050
677108

15 numbers
156879
1391172
296831
262975
376939
453948
207901
331163
378131
117063
247001
422000
138044

16 numbers
447034
334024
303030
1013994
756978
190019
719070
826120
303983
204086
154972
337123
373125

17 numbers
481128
49534082
581026
178098
502824
410079
533819
327825
266790
308990
769138
200033
464916

18 numbers
488996
327110
946044
1255989
162124
468015
847101
619173
277042
745058
631093
242948
659942

19 numbers
2641916
404119
746011
1713991
612974
922918
431060
1012802
1168012
346899
952005
524044
188827

20 numbers
449895
528812
953912
772953
945091
227928
324964
233888
1055955
429868
913858
268936
655889

21 numbers
1500129
286102
731945
303983
551939
66900014
268936
624179
4332065
992059
608921
751018
1143932

22 numbers
15272855
539064
1554012
669002
1141071
55454015
262975
1111030
585079
396966
1677036
418901
615835

23 numbers
856876
886201
1168966
923871
1285076
1170158
1075983
817060
611066
849962
1173019
1554012
878095

24 numbers
571966
1590967
1127004
576019
1749038
947952
732898
745058
1671075
515937
9042024
988960
1399040

25 numbers
642776
1823902
966072
1579999
538110
385999
1036167
1406192
1827955
322103
1080989
689983
859975

