2
11920
12874
11920
10967
10013
18835
10967
15020
13113
12874
10967
10967
10967
17881
12159
20980
16927
19073
18835
10967
10967
10967
20980
14066
119924
13828
10967
12159
12159

3
15020
15020
18119
11920
10967
10013
12874
27894
10013
10967
13113
8821
20027
11205
12159
12159
11920
11920
10967
15020
10967
11920
13828
17166
10013
10967
13828
10967
21934

4
61988
39815
40054
43869
41007
41961
39100
33140
46014
44822
42915
50067
41961
43153
42915
40054
36001
36001
36954
39100
41961
46014
36954
41007
38862
51021
40054
52928
42200

5
41961
40054
46968
33855
47922
50067
42200
33855
33855
41007
50067
40054
26941
68902
40054
44822
32901
37908
41961
45061
41961
39100
42915
45061
56982
41007
53882
44107
27894

6
51021
43869
36954
48875
32901
40054
60081
37908
54121
42200
41007
34093
35047
35047
44822
51975
96797
35047
68187
37908
64134
3478050
47922
49114
41961
61035
41961
48875
55074

7
46014
86069
991106
47922
62227
107049
71048
51021
39100
49114
41961
61988
51975
63896
50783
62942
44822
51975
50067
40054
61035
96082
78916
64134
51975
58889
47922
41961
66995

8
194072
66995
81062
78916
122070
54121
2547979
77962
127077
52928
51975
64134
58174
59843
325202
66041
61035
77962
79870
61988
66995
109910
56028
66041
57935
82015
68902
127077
66995

9
162839
116109
153064
107049
137805
184059
119924
208139
104904
574111
190973
105857
123977
831127
121116
123977
113010
170946
152826
133037
136852
168085
149011
132083
168800
1086950
113010
163078
2408027

10
308990
5491018
79870
121831
414133
191926
94175
155925
312089
93936
107049
151872
97036
107049
167846
64134
340938
121116
133037
198125
154972
144958
205993
266075
123977
136137
183105
319957
422000

11
593185
176191
137090
114917
87976
102043
84161
106096
231981
293016
193119
159025
103950
155925
140905
92983
324010
327110
74148
184059
116109
102996
82015
129938
91791
124931
94890
199079
2382993

12
158786
164985
328063
311136
355958
315904
138998
187873
390052
1312017
766038
160932
145196
123023
410795
412940
226020
102043
136137
291109
385046
77962
158071
170946
93936
250101
679016
216960
130891

13
150918
3640174
329971
122070
324010
313043
218868
401020
236988
514030
316143
197887
107049
193119
365972
345230
394105
135183
108003
452041
230073
415086
264167
240802
153064
216007
325918
189065
324964

14
521898
265836
422954
838994
490903
406026
663995
140905
406026
344991
262022
4390001
145912
710010
197172
365018
962018
370979
721931
691890
487089
152111
909090
427007
151872
117063
342845
148057
147819

15
319957
302076
2109050
1619100
306129
668048
383138
247001
509023
468015
1485824
275850
351905
431060
143051
144958
213146
116109
145912
123977
461101
149011
72739839
271081
310897
115871
109910
123977
545978

16
705003
544071
388860
196933
229120
471115
463962
697851
169038
458002
328063
586032
180959
530958
183105
397920
225067
778913
554084
671148
439882
522851
355005
478982
782012
710010
277042
342845
613927

17
733852
546932
656127
251054
340938
405073
255107
480890
648021
524997
848054
608921
341176
949144
579833
174999
764846
471830
221014
438928
519990
929117
566959
1017093
155925
162839
275850
550985
465154

18
1214981
463008
212907
848054
478982
284910
500917
433206
2125024
562906
1219034
71779012
336170
546216
285148
674009
905036
879049
752925
818014
962972
655889
253915
527143
1168012
857114
185966
1133918
180006

19
1244068
1170873
3927946
561952
882863
831842
1291990
986099
667810
648975
36552906
471115
358819
6818056
751018
483989
505924
515937
798940
1122951
447988
925064
59176921
391006
293016
492095
476121
683069
904083

20
935077
277042
1362085
487089
744104
1204013
1220941
286817
517845
699996
1368045
640153
705957
882863
792026
516891
402927
1009941
4062891
337123
1235961
433921
401020
699043
852108
1065015
507116
1019001
1683950

21
577926
1355886
475168
2415180
504970
459194
1400947
697851
1334905
1003026
313997
1675128
332832
608205
1066923
1396179
1488924
850915
848054
249147
299930
741958
707149
406026
839948
730037
1188993
461101
266075

22
808954
465154
660896
434875
320911
667810
433921
746965
947952
1609086
273942
767946
1061916
636100
864982
486135
300168
377178
1678943
774145
1386880
487089
580072
1844167
1296043
400066
1901149
756025
1114845

23
3712892
1085042
324964
967979
988006
921010
1760959
519037
447988
749111
1091003
2051115
544071
790834
999927
1381874
828981
777006
96919059
990152
1485109
747919
3350019
503063
1168966
797986
895023
1167058
61437845

24
1258134
846862
575065
826120
914812
1466035
2037048
1121044
577926
465869
1760005
989913
11032819
840187
1052856
437974
23152828
14429092
1996994
424861
738859
864028
1135110
1003980
1121044
562191
478982
1663208
1029014

25
1693010
731945
885963
72445869
1693010
764846
553131
1646995
572919
1879930
577926
1980066
1147031
679969
1855134
879049
785112
968933
1055002
1372098
6504058
2990961
1518011
1483917
2375125
1040935
674009
668048
831842

