(1972,156571)
(2008,120157)
(1994,107211)
(1936,51193)
(1921,3687)
(1951,142235)
(1985,133386)
(1960,117203)
(1997,90997)
(1908,55)
(1999,89320)
(2010,117192)
(1940,77290)
(1981,140211)
(1953,141127)
(2001,91205)
(2013,105818)
(1912,130)
(1918,470)
(1923,7476)
(1938,60667)
(1996,91030)
(1963,137461)
(1958,125657)
(2007,115767)
(1984,133991)
(1998,90686)
(1911,98)
(1925,12296)
(1970,141463)
(1947,139288)
(1993,121012)
(1975,183756)
(2015,108452)
(1982,138006)
(1949,133344)
(1945,104440)
(1974,185740)
(1930,33190)
(1917,379)
(2006,107116)
(2016,107169)
(1983,134253)
(1927,18939)
(1967,129853)
(1955,140591)
(1961,119948)
(1968,129281)
(1933,42866)
(1986,131002)
(1962,122761)
(1957,135073)
(1915,216)
(2011,108905)
(1969,135963)
(1907,46)
(1979,166293)
(2003,94583)
(1931,36852)
(1942,87482)
(1989,126991)
(1903,37)
(1934,46029)
(1910,80)
(1900,18)
(1902,29)
(1913,135)
(1904,43)
(1935,48417)
(1950,138458)
(1991,128624)
(1964,142960)
(1980,149053)
(2012,108357)
(2004,98501)
(1932,41260)
(1905,26)
(1922,5296)
(1966,131534)
(2005,103274)
(2000,91096)
(1924,9628)
(1906,66)
(1941,81370)
(1976,180022)
(1990,129351)
(1914,208)
(1909,63)
(1916,243)
(1920,2206)
(1901,25)
(1928,23336)
(1939,65764)
(1973,173576)
(1988,130898)
(1978,172047)
(1919,1228)
(1959,116101)
(1948,136440)
(1987,128895)
(1944,107167)
(1954,140487)
(2014,108149)
(1965,136698)
(1971,147478)
(1992,121548)
(1977,175228)
(1943,101721)
(1952,142617)
(1929,27527)
(1995,96398)
(2002,93523)
(1946,132359)
(1937,54602)
(1956,139562)
(1926,15580)
(2009,118515)
